,AO_DJ,AO_FM,EP-NP_DJ,EP-NP_FM,PNA_DJ,PNA_FM,SOI_DJ,SOI_FM,Nino1+2_DJ,Nino1+2_FM,Nino3_DJ,Nino3_FM,Nino3.4_DJ,Nino3.4_FM,Nino4_DJ,Nino4_FM,ONI_DJ,ONI_FM,PDO_DJ,PDO_FM,NAO_DJ,NAO_FM,EA_DJ,EA_FM,WP_DJ,WP_FM,EA-WR_DJ,EA-WR_FM,SCA_DJ,SCA_FM,POL_DJ,POL_FM,Bering_anomaly_F,icethick_Nenana,JulianDay
1980,-0.385,-1.183,0.530,0.505,-0.845,0.695,-0.250,-0.100,-0.165,-0.215,0.405,-0.075,0.530,0.125,0.330,0.275,0.615,0.400,0.060,0.600,-0.375,-0.560,-1.185,0.025,-2.060,0.295,-0.430,-0.860,-0.535,1.045,-0.675,0.235,0.100,39.546,120.000
1981,-0.087,-0.989,1.020,0.000,0.945,0.740,0.250,-1.200,-0.950,-0.860,-0.350,-0.735,-0.155,-0.640,-0.080,-0.170,-0.135,-0.485,0.740,1.230,-0.095,-0.525,-0.970,0.315,-0.040,0.025,-0.755,-0.115,-0.610,-0.140,0.990,-0.330,0.040,39.546,120.000
1982,-1.050,1.024,1.110,0.785,-1.085,-1.430,1.400,0.700,-0.220,-1.040,0.075,-0.050,-0.035,-0.020,-0.060,-0.055,-0.065,0.130,0.350,-0.280,0.005,0.830,-0.785,-0.275,0.725,-0.365,0.160,1.035,-0.525,0.725,-0.035,-0.145,-0.120,39.546,130.000
1983,1.163,-1.187,-0.310,-0.455,0.660,1.735,-4.750,-5.000,2.905,2.130,2.930,1.990,2.275,1.660,0.450,0.280,2.205,1.730,0.280,1.350,0.760,-0.225,0.270,-0.705,-0.425,-1.015,0.165,0.220,-1.600,-0.025,-1.035,0.030,0.070,39.546,119.000
1984,0.545,-1.345,-0.970,-0.215,-0.005,0.905,0.150,0.500,-0.090,-0.875,-0.710,-0.190,-0.850,-0.355,-0.830,-0.785,-0.755,-0.380,1.570,1.395,0.665,-0.210,-0.745,-0.620,-0.535,-0.685,-1.000,-1.960,1.190,1.385,-0.150,0.740,0.110,39.546,130.000
1985,-1.180,-0.444,1.000,-1.540,-0.230,-1.090,-0.350,1.650,-0.590,-1.135,-1.265,-0.840,-1.250,-0.755,-0.795,-0.860,-1.090,-0.810,0.675,0.070,-1.135,-0.595,-0.330,-0.350,-0.785,0.345,-0.195,0.280,0.235,0.435,-1.405,-0.120,-0.210,39.546,131.000
1986,-1.258,-0.486,0.520,0.450,0.840,0.460,1.000,-0.450,-0.190,-0.415,-0.765,-0.450,-0.535,-0.565,-0.245,-0.195,-0.425,-0.390,0.685,1.575,0.805,-0.095,0.175,-0.130,-0.265,-1.565,0.155,0.640,0.325,1.045,-0.020,1.535,-0.050,39.546,128.000
1987,-0.544,-1.610,-0.740,0.120,0.845,0.710,-1.750,-2.100,0.795,1.205,0.970,1.070,1.130,1.055,0.310,0.485,1.225,1.125,1.590,1.405,-0.820,-0.765,0.505,-0.375,1.660,0.295,1.020,0.225,-0.600,0.255,-0.545,0.205,0.010,39.546,125.000
1988,-0.135,-0.632,1.130,0.065,0.265,0.875,-0.500,0.250,0.345,-0.560,0.840,-0.080,0.920,0.190,0.705,0.295,0.960,0.340,0.585,0.480,0.580,-0.080,-0.095,-0.215,0.580,0.415,-0.170,-1.835,-0.630,0.545,0.730,-0.090,-0.040,39.546,118.000
1989,2.393,2.405,-1.810,1.470,-0.620,-1.635,2.250,1.900,-0.525,-0.105,-1.525,-0.985,-1.965,-1.340,-1.745,-1.345,-1.770,-1.255,-0.690,-1.345,-0.150,1.680,1.060,-0.200,-0.360,-0.725,0.605,-0.255,-0.945,-0.880,0.165,0.790,-0.180,42.000,121.000
1990,0.178,3.196,-0.580,-0.915,-0.260,-1.370,-0.500,-1.850,-0.440,-0.300,-0.335,-0.135,-0.060,0.125,0.020,0.345,0.045,0.245,-0.260,-1.260,0.405,1.145,-0.295,1.430,0.990,0.055,-0.225,-0.085,0.005,-1.825,-0.645,0.070,0.130,36.000,114.000
1991,1.000,-0.702,-0.450,-0.035,-0.710,-0.040,0.300,-0.350,-0.520,-0.295,0.025,-0.080,0.420,0.175,0.615,0.440,0.410,0.240,-2.010,-1.100,0.415,0.065,-0.190,0.425,-0.505,0.525,1.460,-0.185,0.005,1.320,0.550,0.175,0.190,38.000,121.000
1992,1.082,1.053,-0.170,0.990,0.580,0.275,-3.800,-2.400,0.650,0.925,1.310,1.160,1.765,1.580,0.715,0.765,1.620,1.555,-0.065,0.145,-0.155,0.640,-0.295,-0.135,0.215,0.155,1.425,0.110,-0.100,0.190,1.035,0.640,0.040,47.000,135.000
1993,2.561,0.474,-0.650,1.165,-1.505,0.690,-1.200,-1.000,-0.055,0.450,-0.235,0.395,-0.005,0.400,0.145,0.075,-0.020,0.400,0.025,0.130,1.355,0.210,0.530,-0.925,0.335,-0.120,-0.155,1.130,-0.665,-0.020,0.540,1.685,0.000,26.000,114.000
1994,-0.196,0.510,2.380,-0.295,-0.190,-0.520,0.050,-0.350,-0.035,-0.670,0.145,-0.215,0.130,0.085,0.145,-0.005,0.060,0.120,0.760,0.300,1.240,0.500,0.485,0.765,0.370,-0.690,0.070,-0.315,0.555,0.265,0.440,-0.150,-0.100,51.000,119.000
1995,0.370,0.911,1.030,0.330,0.295,0.355,-1.350,0.500,0.795,-0.195,0.795,0.210,1.135,0.595,0.820,0.710,1.025,0.625,-1.540,0.240,-0.535,0.880,0.330,-0.715,-0.950,-1.545,-0.210,-0.020,-0.490,-1.200,0.695,-0.165,0.180,34.000,116.000
1996,-1.663,-0.660,0.260,1.340,-0.030,-0.725,0.400,1.150,-0.750,-0.385,-0.895,-0.600,-0.905,-0.735,-0.485,-0.460,-0.940,-0.670,0.725,0.930,-1.025,-0.590,-1.025,-0.885,-0.160,-0.115,-0.645,-1.260,1.335,0.965,-0.180,1.635,-0.080,45.000,127.000
1997,-1.089,1.490,0.220,-0.045,-0.685,-0.555,1.150,1.100,-1.015,0.160,-0.950,-0.515,-0.585,-0.310,-0.090,0.215,-0.495,-0.230,0.205,0.340,-1.030,1.305,0.805,0.665,-0.700,-0.200,0.970,0.030,0.340,-1.100,1.840,-0.850,0.030,42.500,120.000
1998,-1.076,-0.218,0.620,0.490,0.575,0.790,-3.000,-3.700,3.900,2.690,3.190,2.205,2.335,1.685,0.605,0.445,2.315,1.685,1.020,1.405,0.335,-0.030,0.405,0.910,0.330,0.855,-0.060,0.805,-0.180,-0.305,-1.120,0.335,0.230,38.000,110.000
1999,0.732,-0.505,-0.890,-0.925,-0.415,-0.040,2.650,1.850,-0.480,-0.290,-1.175,-0.700,-1.690,-1.135,-1.580,-1.495,-1.560,-1.185,-0.935,-1.120,0.895,-0.135,0.095,-1.825,-0.520,1.350,-0.910,0.410,-0.175,-0.015,-0.030,-0.620,0.110,46.000,119.000
2000,1.156,0.312,-0.920,-0.475,-0.895,1.075,1.750,2.450,-0.700,-0.545,-1.605,-0.820,-1.755,-1.265,-1.345,-1.450,-1.655,-1.240,-2.060,-0.970,-0.220,0.940,-0.170,-0.135,-0.445,-0.200,-0.060,-0.515,-0.040,-1.040,-0.675,-1.535,0.050,37.700,122.000
2001,-1.657,-1.155,-0.900,-0.450,1.105,-0.060,1.450,2.150,-0.795,-0.155,-0.540,-0.145,-0.825,-0.555,-0.920,-0.765,-0.710,-0.480,0.240,-0.210,-0.540,-0.830,0.320,0.420,0.035,0.260,-0.195,-0.115,1.065,-0.300,0.025,-0.915,-0.230,38.800,128.000
2002,0.029,1.103,-0.110,0.550,-0.220,-0.835,-0.350,0.700,-0.900,0.350,-0.555,-0.050,-0.280,-0.015,0.260,0.355,-0.230,0.060,-0.770,-1.390,-0.480,0.560,1.150,1.030,0.250,0.800,1.150,-0.085,0.130,-1.000,-0.075,-0.350,0.200,48.000,127.000
2003,-1.032,0.530,2.070,0.750,1.145,0.160,-1.050,-0.800,0.615,-0.095,0.890,0.315,0.985,0.500,0.705,0.645,1.030,0.505,1.510,1.120,0.090,0.095,0.310,0.435,0.330,-0.420,-0.040,1.055,-0.725,0.595,0.955,1.050,-0.060,48.200,119.000
2004,-0.710,-0.605,0.660,-0.890,0.220,0.560,-0.200,1.350,0.005,-0.405,0.595,0.215,0.350,0.175,0.430,0.240,0.360,0.270,-0.575,-0.180,0.090,0.035,-0.820,0.765,-0.690,0.365,-0.055,0.750,-0.060,0.490,-0.105,-1.165,-0.040,35.500,115.000
2005,0.793,-1.309,0.730,0.010,-0.330,0.225,-0.350,-2.350,0.170,-1.200,0.505,-0.080,0.700,0.405,0.875,0.640,0.665,0.515,-0.395,0.345,0.380,-1.415,-1.495,-0.505,-1.485,0.060,-0.315,-0.125,0.290,0.025,-0.575,0.145,-0.080,32.000,118.000
2006,-1.137,-0.880,-1.070,0.385,0.485,-0.500,1.350,1.550,-0.645,-0.035,-1.015,-0.450,-0.915,-0.690,-0.380,-0.630,-0.845,-0.670,0.220,-0.180,1.060,-1.385,-0.015,-0.635,0.945,1.275,1.065,0.455,1.035,-0.270,-0.660,-0.180,0.030,32.700,127.000
2007,2.158,-0.062,-1.140,-0.170,0.910,-0.270,-0.900,0.100,0.685,-0.265,1.005,-0.160,0.920,-0.025,0.785,0.400,0.800,0.050,-0.555,-0.905,-0.010,0.065,0.695,0.945,1.090,-0.455,0.140,0.360,-0.950,0.535,-0.170,-0.610,-0.110,48.800,117.000
2008,0.820,0.762,-1.250,-1.010,-0.610,-0.120,2.800,3.400,-1.070,0.305,-1.560,-0.995,-1.630,-1.440,-1.285,-1.465,-1.620,-1.405,-1.185,-1.360,0.090,0.030,-0.895,0.315,0.965,-0.670,-1.050,-0.175,0.420,-0.985,-0.415,0.095,0.140,45.600,127.000
2009,0.724,-0.276,-0.180,-0.400,-0.790,-1.430,2.100,1.900,-0.310,-0.745,-0.535,-0.640,-0.875,-0.740,-0.880,-0.715,-0.790,-0.700,-1.560,-1.920,-1.200,-0.095,1.030,-1.030,-0.530,0.965,-1.075,-0.495,0.460,0.010,-0.420,-0.395,0.150,46.000,121.000
2010,-3.000,-2.349,-0.580,-1.070,0.500,1.080,-1.500,-1.750,0.440,0.095,1.200,0.715,1.630,1.075,1.150,0.815,1.530,1.030,-0.230,0.045,-1.800,-2.010,-0.055,1.240,-0.395,1.030,-1.270,0.030,0.915,0.320,0.325,-1.520,0.140,46.300,119.000
2011,-2.157,1.499,-0.420,-0.075,-0.540,-1.015,4.300,4.350,-0.690,-0.520,-1.380,-0.750,-1.570,-1.020,-1.425,-0.930,-1.505,-1.060,-1.920,-1.370,0.360,0.295,-0.600,-0.180,-0.880,-0.115,-0.440,0.330,0.145,-0.340,0.165,0.535,-0.010,41.100,124.000
2012,1.000,0.500,-1.920,-1.460,0.095,0.255,2.950,1.000,-0.430,0.260,-0.745,-0.185,-0.965,-0.640,-1.015,-0.840,-0.950,-0.655,-2.125,-1.505,0.465,0.480,-0.540,-1.185,-1.080,0.915,-0.670,0.355,1.285,-0.065,-0.995,-0.615,0.230,44.300,114.000
2013,-1.179,-2.096,0.120,-0.090,-0.630,0.020,-0.550,1.050,-0.765,-0.700,-0.540,-0.340,-0.390,-0.385,-0.010,-0.280,-0.320,-0.385,-1.205,-1.450,0.340,-1.525,1.040,-0.050,-0.970,1.040,0.050,0.515,-0.325,0.215,-1.345,-0.780,0.190,49.300,140.000
2014,0.253,0.625,1.110,0.775,-0.285,-1.035,1.250,-0.700,-0.225,-0.460,-0.280,-0.555,-0.330,-0.450,-0.120,0.175,-0.345,-0.365,-0.805,-0.060,0.730,0.755,0.390,1.575,0.205,-0.900,-0.880,-1.020,0.675,0.315,-0.860,-0.910,-0.110,40.200,115.000
2015,0.753,1.440,1.270,1.155,0.255,-0.015,-1.150,-0.400,0.125,-0.220,0.515,0.075,0.610,0.445,0.755,0.885,0.605,0.500,1.685,1.425,1.780,1.085,2.125,0.580,0.170,-0.480,0.520,-0.325,-0.050,0.010,0.275,1.385,-0.140,33.300,114.000
2016,-0.003,0.128,-0.350,0.235,1.205,1.045,-2.250,-1.650,2.000,1.325,2.715,1.750,2.615,1.940,1.295,1.145,2.560,1.860,0.520,1.425,-0.010,0.860,0.940,1.280,0.965,0.705,0.510,-1.065,-0.930,-0.385,-1.865,-1.280,-0.100,36.000,114.000
2017,1.364,0.853,0.390,-0.415,-0.470,-0.040,0.400,0.700,0.680,1.485,-0.275,0.385,-0.465,-0.025,-0.175,-0.060,-0.450,-0.055,0.275,0.040,0.390,0.530,-0.825,0.805,0.440,-1.140,-0.500,0.060,-0.155,-0.175,-0.495,0.175,-0.160,39.150,121.000
2018,-0.170,-0.414,0.660,0.265,0.220,-1.415,0.800,0.800,-1.270,-1.160,-1.200,-0.915,-0.980,-0.790,-0.480,-0.285,-0.945,-0.775,0.175,-0.405,0.825,-0.020,0.995,-1.000,0.270,0.620,-1.025,1.315,0.895,-0.190,0.030,-1.085,-0.390,26.700,121.000
2019,-0.301,1.633,1.070,1.655,0.490,-0.890,0.800,-1.400,0.940,0.320,0.760,0.615,0.770,0.760,0.835,0.675,0.780,0.715,-0.275,-0.560,0.600,0.390,-0.430,0.410,0.895,1.485,0.435,-0.350,0.375,-0.665,-0.175,0.810,-0.310,25.300,104.000
2020,1.415,3.029,-0.600,-0.675,-0.535,-1.240,-0.300,-0.150,-0.205,-0.020,0.230,0.150,0.560,0.425,0.860,0.765,0.525,0.440,-0.705,-1.615,0.340,0.820,0.470,0.635,0.840,1.375,-0.225,0.255,0.890,-1.785,0.125,0.680,0.010,34.500,118.000
2021,-2.110,0.459,-0.710,-1.045,0.435,-0.975,3.100,1.550,-0.740,-0.805,-0.720,-0.710,-1.075,-0.900,-1.025,-0.805,-1.120,-0.885,-0.800,-1.380,-0.810,0.035,-0.050,0.520,1.465,1.405,-0.690,1.905,0.315,-0.310,-1.050,-1.300,-0.100,45.200,120.000
2022,0.523,0.924,0.510,-0.275,-1.100,0.210,1.650,2.350,-1.400,-1.170,-1.290,-0.935,-1.000,-0.930,-0.555,-0.530,-0.975,-0.960,-2.555,-1.790,0.260,0.930,-0.715,0.835,-0.730,0.095,-0.020,0.245,-0.010,-0.555,-0.775,-1.075,0.070,31.250,122.000
2023,-1.696,0.940,1.360,-0.040,-0.665,-1.520,2.900,1.300,-0.510,0.985,-0.690,0.100,-0.785,-0.285,-0.750,-0.400,-0.755,-0.290,-1.725,-2.050,1.325,-0.485,0.255,-0.160,1.600,1.575,-0.265,1.765,0.705,-1.390,-0.795,-0.015,-0.050,30.800,128.000
2024,-0.216,0.013,0.080,-0.020,0.415,-0.015,0.200,-0.850,1.450,0.685,1.935,1.175,1.920,1.325,1.520,1.125,1.865,1.310,-1.615,-1.425,0.380,0.080,1.250,1.625,0.170,1.265,0.280,0.435,-0.920,0.135,-0.760,-0.800,-0.060,49.000,118.000
2025,-0.203,-0.154,-0.350,0.625,1.045,0.600,1.100,1.850,-0.175,0.840,-0.340,0.240,-0.670,-0.220,-0.425,-0.470,-0.555,-0.390,-1.655,-1.265,-1.120,0.635,2.700,0.730,1.020,0.545,-1.340,0.205,-0.720,0.600,0.210,-1.460,-0.210,32.000,
